CPN Tools state space report for:
/cygdrive/C/Users/cgerm/Downloads/KNN_robotic_hier_ajusted.cpn
Report generated: Mon Mar 31 02:47:30 2025


 Statistics
------------------------------------------------------------------------

  State Space
     Nodes:  2053
     Arcs:   3691
     Secs:   0
     Status: Full

  Scc Graph
     Nodes:  2053
     Arcs:   3691
     Secs:   0


 Boundedness Properties
------------------------------------------------------------------------

  Best Integer Bounds
                             Upper      Lower
     Calculation_of_distances'm 1
                             1          0
     Counting_of_labels'Counting 1
                             1          0
     Find_k_smallest'Smallest_indices 1
                             1          0
     Find_k_smallest'Training_labels 1
                             1          1
     KNN'Input 1             1          1
     KNN'Predict 1           5          0
     KNN'Preparation_for_diagnosis 1
                             1          0
     KNN'Process_restart 1   1          0
     KNNHCPN'Chosen_class 1  1          0
     KNNHCPN'Classified_samples 1
                             1          0
     KNNHCPN'Comparative 1   1          0
     KNNHCPN'Distances 1     1          0
     KNNHCPN'Labels 1        1          0
     KNNHCPN'Return 1        1          0
     KNNHCPN'Samples 1       5          0
     KNNHCPN'Test_sample 1   1          0
     KNNHCPN'Training_sample 1
                             1          0
     Simulated_system'Assembled_product 1
                             1          0
     Simulated_system'Operator 1
                             1          0
     Simulated_system'Part_A_and_B_with_the_operator 1
                             1          0
     Simulated_system'Part_A_with_the_operator 1
                             1          0
     Simulated_system'Robotic_manipulator 1
                             1          0
     Simulated_system'Stock_of_part_A 1
                             1          0
     Simulated_system'Stock_of_part_B 1
                             1          0

  Best Upper Multi-set Bounds
     Calculation_of_distances'm 1
                         1`[[4.6,3.6,1.0,0.2],[5.7,4.4,1.5,0.4],[6.7,3.1,4.4,1.4],[4.8,3.4,1.6,0.2],[4.4,3.2,1.3,0.2],[6.3,2.5,5.0,1.9],[6.4,3.2,4.5,1.5],[5.2,3.5,1.5,0.2],[5.0,3.6,1.4,0.2],[5.2,4.1,1.5,0.1],[5.8,2.7,5.1,1.9],[6.0,3.4,4.5,1.6],[6.7,3.1,4.7,1.5],[5.4,3.9,1.3,0.4],[5.4,3.7,1.5,0.2],[5.5,2.4,3.7,1.0],[6.3,2.8,5.1,1.5],[6.4,3.1,5.5,1.8],[6.6,3.0,4.4,1.4],[7.2,3.6,6.1,2.5],[5.7,2.9,4.2,1.3],[7.6,3.0,6.6,2.1],[5.6,3.0,4.5,1.5],[5.1,3.5,1.4,0.2],[7.7,2.8,6.7,2.0],[5.8,2.7,4.1,1.0],[5.2,3.4,1.4,0.2],[5.0,3.5,1.3,0.3],[5.1,3.8,1.9,0.4],[5.0,2.0,3.5,1.0],[6.3,2.7,4.9,1.8],[4.8,3.4,1.9,0.2],[5.0,3.0,1.6,0.2],[5.1,3.3,1.7,0.5],[5.6,2.7,4.2,1.3],[5.1,3.4,1.5,0.2],[5.7,3.0,4.2,1.2],[7.7,3.8,6.7,2.2],[4.6,3.2,1.4,0.2],[6.2,2.9,4.3,1.3],[5.7,2.5,5.0,2.0],[5.5,4.2,1.4,0.2],[6.0,3.0,4.8,1.8],[5.8,2.7,5.1,1.9],[6.0,2.2,4.0,1.0],[5.4,3.0,4.5,1.5],[6.2,3.4,5.4,2.3],[5.5,2.3,4.0,1.3],[5.4,3.9,1.7,0.4],[5.0,2.3,3.3,1.0],[6.4,2.7,5.3,1.9],[5.0,3.3,1.4,0.2]]
     Counting_of_labels'Counting 1
                         1`[(0.0,1.0)]++
1`[(1.0,1.0)]++
1`[(2.0,1.0)]
     Find_k_smallest'Smallest_indices 1
                         1`[12]++
1`[24]++
1`[39]++
1`[48]
     Find_k_smallest'Training_labels 1
                         1`[0.0,0.0,1.0,0.0,0.0,2.0,1.0,0.0,0.0,0.0,2.0,1.0,1.0,0.0,0.0,1.0,2.0,2.0,1.0,2.0,1.0,2.0,1.0,0.0,2.0,1.0,0.0,0.0,0.0,1.0,2.0,0.0,0.0,0.0,1.0,0.0,1.0,2.0,0.0,1.0,2.0,0.0,2.0,2.0,1.0,1.0,2.0,1.0,0.0,1.0,2.0,0.0,0.0,1.0,1.0,0.0,2.0,0.0,0.0,1.0,1.0,2.0,1.0,2.0,2.0,1.0,0.0,0.0,2.0,2.0,0.0,0.0,0.0,1.0,2.0,0.0,2.0,2.0,0.0,1.0,1.0,2.0,1.0,2.0,0.0,2.0,1.0,2.0,1.0,1.0,1.0,0.0,1.0,1.0,0.0,1.0,2.0,2.0,0.0,1.0,2.0,2.0,0.0,2.0,0.0,1.0,2.0,2.0,1.0,2.0,1.0,1.0,2.0,2.0,0.0,1.0,2.0,0.0,1.0,2.0]
     KNN'Input 1         1`()
     KNN'Predict 1       1`0.0++
3`1.0++
1`2.0
     KNN'Preparation_for_diagnosis 1
                         1`()
     KNN'Process_restart 1
                         1`()
     KNNHCPN'Chosen_class 1
                         1`0.0++
1`1.0++
1`2.0
     KNNHCPN'Classified_samples 1
                         1`0.0++
1`1.0++
1`2.0
     KNNHCPN'Comparative 1
                         1`[5.7,3.8,1.7,0.3]++
1`[6.0,2.9,4.5,1.5]++
1`[6.1,2.8,4.7,1.2]++
1`[6.8,2.8,4.8,1.4]++
1`[7.7,2.6,6.9,2.3]
     KNNHCPN'Distances 1 1`[1.32287565553,0.640312423745,3.16069612586,0.99498743711,1.48996644258,3.93700393701,3.18276609257,0.624499799841,0.793725393321,0.648074069843,3.91663120551,3.12729915422,3.45398320783,0.519615242277,0.387298334624,2.54754784057,3.7894590643,4.2035699114,3.15436205912,5.14684369298,2.83901391332,5.61248608016,3.15119025132,0.74161984871,5.73498038358,2.73313007374,0.714142842859,0.860232526708,0.640312423745,2.73130005675,3.74966665185,1.00995049384,1.07238052949,0.806225774831,2.91032644217,0.754983443532,2.77488738511,5.71051661411,1.29228479833,2.96984848098,3.93319208786,0.547722557512,3.54823899985,3.91663120551,2.90344622819,3.16385840391,4.25440947724,2.92916370318,0.331662479037,2.4062418831,4.14969878425,0.916515138992]++
1`[4.048456496,3.54259791678,0.741619848711,3.43365694268,3.81837661841,0.812403840471,0.500000000006,3.41906419946,3.57631094845,3.61109401706,0.774596669247,0.50990195136,0.754983443529,3.57910603363,3.41906419946,1.17898261227,0.678232998313,1.13578166916,0.624499799841,2.34307490277,0.469041575984,2.70924343683,0.412310562569,3.5312887166,2.82665880502,0.700000000006,3.49141805002,3.61109401705,3.09677251344,1.74928556845,0.616441400303,3.18433666562,3.3331666625,3.13209195267,0.574456264661,3.4278273002,0.529150262213,3.00499584026,3.65376518129,0.34641016152,0.866025403788,3.63868107973,0.435889894354,0.774596669247,0.994987437107,0.60827625303,1.31909059584,0.948683298052,3.22645316098,1.74642491966,1.00000000002,3.52987251895]++
1`[4.19285105865,3.68781778292,0.761577310587,3.55808937493,3.95094925303,0.842614977319,0.616441400303,3.54118624193,3.70675059857,3.7349698794,0.866025403788,0.754983443532,0.734846922835,3.72827037646,3.54118624193,1.24899959968,0.53851648072,1.08627804913,0.648074069843,2.34520787992,0.655743852435,2.5903667694,0.648074069843,3.65786823163,2.683281573,0.707106781188,3.61386219992,3.7509998667,3.23728281125,1.8248287591,0.670820393252,3.3,3.44383507154,3.27719392163,0.721110255094,3.54964786986,0.670820393255,2.92574776767,3.78153408024,0.435889894362,0.989949493676,3.76961536499,0.648074069842,0.866025403788,0.948683298052,0.812403840466,1.43874945699,1.05356537529,3.3674916481,1.86010752377,0.974679434481,3.65376518129]++
1`[4.62168800332,3.95727178748,0.509901951365,4.0049968789,4.4283179651,0.793725393321,0.64807406985,3.92173431023,4.10852771684,4.10243829935,1.16189500386,1.06301458128,0.346410161515,4.05215991787,3.88587184555,1.7944358445,0.59160797831,0.948683298057,0.489897948565,1.92353840617,1.26095202129,2.10000000001,1.256980509,4.04722126897,2.18632111091,1.28840987268,3.98998746865,4.14608248833,3.64691650576,2.39374184072,0.655743852435,3.76961536499,3.86781592116,3.6823905279,1.34907375632,3.9471508712,1.28452325787,2.46170672502,4.24264068712,0.79372539332,1.30384048104,4.08044115262,0.916515139008,1.16189500386,1.34164078652,1.44913767462,1.37477270849,1.60934769395,3.71214223865,2.4289915603,0.818535277191,4.06078810085]++
1`[7.05903676149,6.32534584035,2.88270706108,6.4459289478,6.85711309517,2.39582971014,2.90688837075,6.37416661219,6.55362495112,6.5192024052,2.6495282599,3.12729915423,2.59422435422,6.47688196588,6.33008688724,4.1,2.4248711306,2.03715487875,2.90344622819,1.38924439895,3.51852241715,0.547722557512,3.31209903234,6.49846135635,0.412310562565,3.62629287289,6.4459289478,6.59241988954,6.06712452485,4.57165178026,2.49399278267,6.20161269349,6.32060123722,6.126173357,3.565108694,6.40078120232,3.55808937493,1.22065556157,6.68056883806,3.17804971641,2.77668867538,6.48536814684,2.77668867538,2.6495282599,3.62629287289,3.44238289562,2.26715680976,3.78681924575,6.13432962923,4.69361268108,2.10237960416,6.51459898996]
     KNNHCPN'Labels 1    1`[0.0]++
1`[1.0]++
1`[2.0]
     KNNHCPN'Return 1    1`()
     KNNHCPN'Samples 1   1`[5.7,3.8,1.7,0.3]++
1`[6.0,2.9,4.5,1.5]++
1`[6.1,2.8,4.7,1.2]++
1`[6.8,2.8,4.8,1.4]++
1`[7.7,2.6,6.9,2.3]
     KNNHCPN'Test_sample 1
                         1`[5.7,3.8,1.7,0.3]++
1`[6.0,2.9,4.5,1.5]++
1`[6.1,2.8,4.7,1.2]++
1`[6.8,2.8,4.8,1.4]++
1`[7.7,2.6,6.9,2.3]
     KNNHCPN'Training_sample 1
                         1`[[4.6,3.6,1.0,0.2],[5.7,4.4,1.5,0.4],[6.7,3.1,4.4,1.4],[4.8,3.4,1.6,0.2],[4.4,3.2,1.3,0.2],[6.3,2.5,5.0,1.9],[6.4,3.2,4.5,1.5],[5.2,3.5,1.5,0.2],[5.0,3.6,1.4,0.2],[5.2,4.1,1.5,0.1],[5.8,2.7,5.1,1.9],[6.0,3.4,4.5,1.6],[6.7,3.1,4.7,1.5],[5.4,3.9,1.3,0.4],[5.4,3.7,1.5,0.2],[5.5,2.4,3.7,1.0],[6.3,2.8,5.1,1.5],[6.4,3.1,5.5,1.8],[6.6,3.0,4.4,1.4],[7.2,3.6,6.1,2.5],[5.7,2.9,4.2,1.3],[7.6,3.0,6.6,2.1],[5.6,3.0,4.5,1.5],[5.1,3.5,1.4,0.2],[7.7,2.8,6.7,2.0],[5.8,2.7,4.1,1.0],[5.2,3.4,1.4,0.2],[5.0,3.5,1.3,0.3],[5.1,3.8,1.9,0.4],[5.0,2.0,3.5,1.0],[6.3,2.7,4.9,1.8],[4.8,3.4,1.9,0.2],[5.0,3.0,1.6,0.2],[5.1,3.3,1.7,0.5],[5.6,2.7,4.2,1.3],[5.1,3.4,1.5,0.2],[5.7,3.0,4.2,1.2],[7.7,3.8,6.7,2.2],[4.6,3.2,1.4,0.2],[6.2,2.9,4.3,1.3],[5.7,2.5,5.0,2.0],[5.5,4.2,1.4,0.2],[6.0,3.0,4.8,1.8],[5.8,2.7,5.1,1.9],[6.0,2.2,4.0,1.0],[5.4,3.0,4.5,1.5],[6.2,3.4,5.4,2.3],[5.5,2.3,4.0,1.3],[5.4,3.9,1.7,0.4],[5.0,2.3,3.3,1.0],[6.4,2.7,5.3,1.9],[5.0,3.3,1.4,0.2]]
     Simulated_system'Assembled_product 1
                         1`()
     Simulated_system'Operator 1
                         1`()
     Simulated_system'Part_A_and_B_with_the_operator 1
                         1`()
     Simulated_system'Part_A_with_the_operator 1
                         1`()
     Simulated_system'Robotic_manipulator 1
                         1`()
     Simulated_system'Stock_of_part_A 1
                         1`()
     Simulated_system'Stock_of_part_B 1
                         1`()

  Best Lower Multi-set Bounds
     Calculation_of_distances'm 1
                         empty
     Counting_of_labels'Counting 1
                         empty
     Find_k_smallest'Smallest_indices 1
                         empty
     Find_k_smallest'Training_labels 1
                         1`[0.0,0.0,1.0,0.0,0.0,2.0,1.0,0.0,0.0,0.0,2.0,1.0,1.0,0.0,0.0,1.0,2.0,2.0,1.0,2.0,1.0,2.0,1.0,0.0,2.0,1.0,0.0,0.0,0.0,1.0,2.0,0.0,0.0,0.0,1.0,0.0,1.0,2.0,0.0,1.0,2.0,0.0,2.0,2.0,1.0,1.0,2.0,1.0,0.0,1.0,2.0,0.0,0.0,1.0,1.0,0.0,2.0,0.0,0.0,1.0,1.0,2.0,1.0,2.0,2.0,1.0,0.0,0.0,2.0,2.0,0.0,0.0,0.0,1.0,2.0,0.0,2.0,2.0,0.0,1.0,1.0,2.0,1.0,2.0,0.0,2.0,1.0,2.0,1.0,1.0,1.0,0.0,1.0,1.0,0.0,1.0,2.0,2.0,0.0,1.0,2.0,2.0,0.0,2.0,0.0,1.0,2.0,2.0,1.0,2.0,1.0,1.0,2.0,2.0,0.0,1.0,2.0,0.0,1.0,2.0]
     KNN'Input 1         1`()
     KNN'Predict 1       empty
     KNN'Preparation_for_diagnosis 1
                         empty
     KNN'Process_restart 1
                         empty
     KNNHCPN'Chosen_class 1
                         empty
     KNNHCPN'Classified_samples 1
                         empty
     KNNHCPN'Comparative 1
                         empty
     KNNHCPN'Distances 1 empty
     KNNHCPN'Labels 1    empty
     KNNHCPN'Return 1    empty
     KNNHCPN'Samples 1   empty
     KNNHCPN'Test_sample 1
                         empty
     KNNHCPN'Training_sample 1
                         empty
     Simulated_system'Assembled_product 1
                         empty
     Simulated_system'Operator 1
                         empty
     Simulated_system'Part_A_and_B_with_the_operator 1
                         empty
     Simulated_system'Part_A_with_the_operator 1
                         empty
     Simulated_system'Robotic_manipulator 1
                         empty
     Simulated_system'Stock_of_part_A 1
                         empty
     Simulated_system'Stock_of_part_B 1
                         empty


 Home Properties
------------------------------------------------------------------------

  Home Markings
     [2053]


 Liveness Properties
------------------------------------------------------------------------

  Dead Markings
     [2053]

  Dead Transition Instances
     None

  Live Transition Instances
     None


 Fairness Properties
------------------------------------------------------------------------
     No infinite occurrence sequences.
